1.000000000000000000e+00 -0.000000000000000000e+00 0.000000000000000000e+00 -8.000000000000000000e+00 0.000000000000000000e+00 1.000000000000000000e+00 0.000000000000000000e+00 5.000000000000000000e+00 0.000000000000000000e+00 0.000000000000000000e+00 1.000000000000000000e+00 0.000000000000000000e+00
1.000000000000000000e+00 -0.000000000000000000e+00 0.000000000000000000e+00 -8.000000000000000000e+00 0.000000000000000000e+00 1.000000000000000000e+00 0.000000000000000000e+00 4.550000190734863281e+00 0.000000000000000000e+00 0.000000000000000000e+00 1.000000000000000000e+00 0.000000000000000000e+00
1.000000000000000000e+00 -0.000000000000000000e+00 0.000000000000000000e+00 -8.000000000000000000e+00 0.000000000000000000e+00 1.000000000000000000e+00 0.000000000000000000e+00 4.100000381469726562e+00 0.000000000000000000e+00 0.000000000000000000e+00 1.000000000000000000e+00 0.000000000000000000e+00
1.000000000000000000e+00 -0.000000000000000000e+00 0.000000000000000000e+00 -8.000000000000000000e+00 0.000000000000000000e+00 1.000000000000000000e+00 0.000000000000000000e+00 3.650000333786010742e+00 0.000000000000000000e+00 0.000000000000000000e+00 1.000000000000000000e+00 0.000000000000000000e+00
1.000000000000000000e+00 -0.000000000000000000e+00 0.000000000000000000e+00 -8.000000000000000000e+00 0.000000000000000000e+00 1.000000000000000000e+00 0.000000000000000000e+00 3.200000286102294922e+00 0.000000000000000000e+00 0.000000000000000000e+00 1.000000000000000000e+00 0.000000000000000000e+00
9.952141819071763651e-01 -9.771761423013586301e-02 0.000000000000000000e+00 -7.959984302520751953e+00 9.771761423013586301e-02 9.952141819071763651e-01 0.000000000000000000e+00 2.573595046997070312e+00 0.000000000000000000e+00 0.000000000000000000e+00 1.000000000000000000e+00 0.000000000000000000e+00
9.999999893406819051e-01 -1.460090274391306973e-04 0.000000000000000000e+00 -7.708251953125000000e+00 1.460090274391306973e-04 9.999999893406819051e-01 0.000000000000000000e+00 1.920981168746948242e+00 0.000000000000000000e+00 0.000000000000000000e+00 1.000000000000000000e+00 0.000000000000000000e+00
9.999482262173262637e-01 1.017570070426590187e-02 0.000000000000000000e+00 -7.723308086395263672e+00 -1.017570070426590187e-02 9.999482262173262637e-01 0.000000000000000000e+00 1.375970005989074707e+00 0.000000000000000000e+00 0.000000000000000000e+00 1.000000000000000000e+00 0.000000000000000000e+00
9.908674554652507904e-01 -1.348394812353530814e-01 0.000000000000000000e+00 -7.713901042938232422e+00 1.348394812353530814e-01 9.908674554652507904e-01 0.000000000000000000e+00 8.847890496253967285e-01 0.000000000000000000e+00 0.000000000000000000e+00 1.000000000000000000e+00 0.000000000000000000e+00
9.839084745991852898e-01 -1.786732033963244204e-01 0.000000000000000000e+00 -7.630905151367187500e+00 1.786732033963244204e-01 9.839084745991852898e-01 0.000000000000000000e+00 3.651305735111236572e-01 0.000000000000000000e+00 0.000000000000000000e+00 1.000000000000000000e+00 0.000000000000000000e+00
9.873667904986579424e-01 -1.584513206646739614e-01 0.000000000000000000e+00 -7.397536754608154297e+00 1.584513206646739614e-01 9.873667904986579424e-01 0.000000000000000000e+00 -8.376356959342956543e-02 0.000000000000000000e+00 0.000000000000000000e+00 1.000000000000000000e+00 0.000000000000000000e+00
9.953785552261651404e-01 9.602880711469966024e-02 0.000000000000000000e+00 -7.405603408813476562e+00 -9.602880711469966024e-02 9.953785552261651404e-01 0.000000000000000000e+00 -5.725231170654296875e-01 0.000000000000000000e+00 0.000000000000000000e+00 1.000000000000000000e+00 0.000000000000000000e+00
9.855181153758483248e-01 1.695701750486684756e-01 0.000000000000000000e+00 -7.369048595428466797e+00 -1.695701750486684756e-01 9.855181153758483248e-01 0.000000000000000000e+00 -1.093804240226745605e+00 0.000000000000000000e+00 0.000000000000000000e+00 1.000000000000000000e+00 0.000000000000000000e+00
9.862837225492464555e-01 1.650588338575099678e-01 0.000000000000000000e+00 -7.627173900604248047e+00 -1.650588338575099678e-01 9.862837225492464555e-01 0.000000000000000000e+00 -1.736314177513122559e+00 0.000000000000000000e+00 0.000000000000000000e+00 1.000000000000000000e+00 0.000000000000000000e+00
9.998217444335523174e-01 1.888066094839810014e-02 0.000000000000000000e+00 -7.547185420989990234e+00 -1.888066094839810014e-02 9.998217444335523174e-01 0.000000000000000000e+00 -2.186980009078979492e+00 0.000000000000000000e+00 0.000000000000000000e+00 1.000000000000000000e+00 0.000000000000000000e+00
9.942102189434661730e-01 1.074525036859781402e-01 0.000000000000000000e+00 -7.518165111541748047e+00 -1.074525036859781402e-01 9.942102189434661730e-01 0.000000000000000000e+00 -2.653105735778808594e+00 0.000000000000000000e+00 0.000000000000000000e+00 1.000000000000000000e+00 0.000000000000000000e+00
9.957686442131646887e-01 9.189563211532933429e-02 0.000000000000000000e+00 -7.579824447631835938e+00 -9.189563211532933429e-02 9.957686442131646887e-01 0.000000000000000000e+00 -2.899829149246215820e+00 0.000000000000000000e+00 0.000000000000000000e+00 1.000000000000000000e+00 0.000000000000000000e+00
9.914633264442479499e-01 1.303858593410593958e-01 0.000000000000000000e+00 -7.512754440307617188e+00 -1.303858593410593958e-01 9.914633264442479499e-01 0.000000000000000000e+00 -3.481482744216918945e+00 0.000000000000000000e+00 0.000000000000000000e+00 1.000000000000000000e+00 0.000000000000000000e+00
9.630310627588669625e-01 2.693903713229691688e-01 0.000000000000000000e+00 -7.671446323394775391e+00 -2.693903713229691688e-01 9.630310627588669625e-01 0.000000000000000000e+00 -3.883997440338134766e+00 0.000000000000000000e+00 0.000000000000000000e+00 1.000000000000000000e+00 0.000000000000000000e+00
9.480570225959333852e-01 3.181004273913095592e-01 0.000000000000000000e+00 -7.558840751647949219e+00 -3.181004273913095592e-01 9.480570225959333852e-01 0.000000000000000000e+00 -4.205594539642333984e+00 0.000000000000000000e+00 0.000000000000000000e+00 1.000000000000000000e+00 0.000000000000000000e+00
9.699000986952556191e-01 2.435031797552826005e-01 0.000000000000000000e+00 -7.663677692413330078e+00 -2.435031797552826005e-01 9.699000986952556191e-01 0.000000000000000000e+00 -4.124210834503173828e+00 0.000000000000000000e+00 0.000000000000000000e+00 1.000000000000000000e+00 0.000000000000000000e+00
9.682035662977865886e-01 2.501636548506749880e-01 0.000000000000000000e+00 -7.712140083312988281e+00 -2.501636548506749880e-01 9.682035662977865886e-01 0.000000000000000000e+00 -4.369902133941650391e+00 0.000000000000000000e+00 0.000000000000000000e+00 1.000000000000000000e+00 0.000000000000000000e+00
9.789457082633818974e-01 2.041207982364992291e-01 0.000000000000000000e+00 -7.807358741760253906e+00 -2.041207982364992291e-01 9.789457082633818974e-01 0.000000000000000000e+00 -4.805900573730468750e+00 0.000000000000000000e+00 0.000000000000000000e+00 1.000000000000000000e+00 0.000000000000000000e+00
9.994366877716274189e-01 3.356049963988300133e-02 0.000000000000000000e+00 -7.781454086303710938e+00 -3.356049963988300133e-02 9.994366877716274189e-01 0.000000000000000000e+00 -5.224447727203369141e+00 0.000000000000000000e+00 0.000000000000000000e+00 1.000000000000000000e+00 0.000000000000000000e+00
9.954427621399857262e-01 -9.536093174416800100e-02 0.000000000000000000e+00 -7.791611671447753906e+00 9.536093174416800100e-02 9.954427621399857262e-01 0.000000000000000000e+00 -5.661865711212158203e+00 0.000000000000000000e+00 0.000000000000000000e+00 1.000000000000000000e+00 0.000000000000000000e+00
9.839262255412213332e-01 -1.785754257791527522e-01 0.000000000000000000e+00 -7.727327823638916016e+00 1.785754257791527522e-01 9.839262255412213332e-01 0.000000000000000000e+00 -5.997283458709716797e+00 0.000000000000000000e+00 0.000000000000000000e+00 1.000000000000000000e+00 0.000000000000000000e+00
9.539348108967903306e-01 -3.000139606073437548e-01 0.000000000000000000e+00 -7.601101398468017578e+00 3.000139606073437548e-01 9.539348108967903306e-01 0.000000000000000000e+00 -6.212844371795654297e+00 0.000000000000000000e+00 0.000000000000000000e+00 1.000000000000000000e+00 0.000000000000000000e+00
9.289150040888335402e-01 -3.702930125976485187e-01 0.000000000000000000e+00 -7.418848037719726562e+00 3.702930125976485187e-01 9.289150040888335402e-01 0.000000000000000000e+00 -6.411565303802490234e+00 0.000000000000000000e+00 0.000000000000000000e+00 1.000000000000000000e+00 0.000000000000000000e+00
8.485435271340627805e-01 -5.291255829752365969e-01 0.000000000000000000e+00 -7.135261058807373047e+00 5.291255829752365969e-01 8.485435271340627805e-01 0.000000000000000000e+00 -6.742542266845703125e+00 0.000000000000000000e+00 0.000000000000000000e+00 1.000000000000000000e+00 0.000000000000000000e+00
7.226617137895863241e-01 -6.912018861538921088e-01 0.000000000000000000e+00 -6.906590938568115234e+00 6.912018861538921088e-01 7.226617137895863241e-01 0.000000000000000000e+00 -7.214185714721679688e+00 0.000000000000000000e+00 0.000000000000000000e+00 1.000000000000000000e+00 0.000000000000000000e+00
-6.443578842788569849e-01 7.647240789772969949e-01 0.000000000000000000e+00 -6.686239242553710938e+00 -7.647240789772969949e-01 -6.443578842788569849e-01 0.000000000000000000e+00 -7.472227096557617188e+00 0.000000000000000000e+00 0.000000000000000000e+00 1.000000000000000000e+00 0.000000000000000000e+00
-6.062616616460730912e-01 7.952652372750504961e-01 0.000000000000000000e+00 -6.310796260833740234e+00 -7.952652372750504961e-01 -6.062616616460730912e-01 0.000000000000000000e+00 -7.707050800323486328e+00 0.000000000000000000e+00 0.000000000000000000e+00 1.000000000000000000e+00 0.000000000000000000e+00
-5.968976716502457647e-01 8.023173745959359948e-01 0.000000000000000000e+00 -6.045581340789794922e+00 -8.023173745959359948e-01 -5.968976716502457647e-01 0.000000000000000000e+00 -7.882332324981689453e+00 0.000000000000000000e+00 0.000000000000000000e+00 1.000000000000000000e+00 0.000000000000000000e+00
-3.489063573473011326e-01 9.371575928319832993e-01 0.000000000000000000e+00 -5.910830020904541016e+00 -9.371575928319832993e-01 -3.489063573473011326e-01 0.000000000000000000e+00 -8.134179115295410156e+00 0.000000000000000000e+00 0.000000000000000000e+00 1.000000000000000000e+00 0.000000000000000000e+00
-8.550720300417648245e-02 9.963375523558281044e-01 0.000000000000000000e+00 -5.451225280761718750e+00 -9.963375523558281044e-01 -8.550720300417648245e-02 0.000000000000000000e+00 -8.118518829345703125e+00 0.000000000000000000e+00 0.000000000000000000e+00 1.000000000000000000e+00 0.000000000000000000e+00
1.003933565028920921e-01 9.949478247476514214e-01 0.000000000000000000e+00 -5.009922981262207031e+00 -9.949478247476514214e-01 1.003933565028920921e-01 0.000000000000000000e+00 -8.210875511169433594e+00 0.000000000000000000e+00 0.000000000000000000e+00 1.000000000000000000e+00 0.000000000000000000e+00
3.302486570950503575e-01 9.438939688794053540e-01 0.000000000000000000e+00 -4.705130577087402344e+00 -9.438939688794053540e-01 3.302486570950503575e-01 0.000000000000000000e+00 -8.147632598876953125e+00 0.000000000000000000e+00 0.000000000000000000e+00 1.000000000000000000e+00 0.000000000000000000e+00
4.921912539352331639e-01 8.704870875260947161e-01 0.000000000000000000e+00 -4.285171985626220703e+00 -8.704870875260947161e-01 4.921912539352331639e-01 0.000000000000000000e+00 -8.117899894714355469e+00 0.000000000000000000e+00 0.000000000000000000e+00 1.000000000000000000e+00 0.000000000000000000e+00
5.185688782591320045e-01 8.550358580206245396e-01 0.000000000000000000e+00 -3.906407833099365234e+00 -8.550358580206245396e-01 5.185688782591320045e-01 0.000000000000000000e+00 -8.041999816894531250e+00 0.000000000000000000e+00 0.000000000000000000e+00 1.000000000000000000e+00 0.000000000000000000e+00
5.590263098605616765e-01 8.291499170136141794e-01 0.000000000000000000e+00 -3.434522628784179688e+00 -8.291499170136141794e-01 5.590263098605616765e-01 0.000000000000000000e+00 -7.789699554443359375e+00 0.000000000000000000e+00 0.000000000000000000e+00 1.000000000000000000e+00 0.000000000000000000e+00
-5.655822109383420448e-01 -8.246919198525572980e-01 0.000000000000000000e+00 -3.618800163269042969e+00 8.246919198525572980e-01 -5.655822109383420448e-01 0.000000000000000000e+00 -7.864058017730712891e+00 0.000000000000000000e+00 0.000000000000000000e+00 1.000000000000000000e+00 0.000000000000000000e+00
7.088700100142157901e-01 7.053391445981469499e-01 0.000000000000000000e+00 -3.131606101989746094e+00 -7.053391445981469499e-01 7.088700100142157901e-01 0.000000000000000000e+00 -7.350411891937255859e+00 0.000000000000000000e+00 0.000000000000000000e+00 1.000000000000000000e+00 0.000000000000000000e+00
8.298849943994804912e-01 5.579344908415092563e-01 0.000000000000000000e+00 -2.903892993927001953e+00 -5.579344908415092563e-01 8.298849943994804912e-01 0.000000000000000000e+00 -6.999457836151123047e+00 0.000000000000000000e+00 0.000000000000000000e+00 1.000000000000000000e+00 0.000000000000000000e+00
8.789359777612548719e-01 4.769397729240735240e-01 0.000000000000000000e+00 -2.543378353118896484e+00 -4.769397729240735240e-01 8.789359777612548719e-01 0.000000000000000000e+00 -6.607045650482177734e+00 0.000000000000000000e+00 0.000000000000000000e+00 1.000000000000000000e+00 0.000000000000000000e+00
9.191225357451635603e-01 3.939717810775038576e-01 0.000000000000000000e+00 -2.243541717529296875e+00 -3.939717810775038576e-01 9.191225357451635603e-01 0.000000000000000000e+00 -6.183240890502929688e+00 0.000000000000000000e+00 0.000000000000000000e+00 1.000000000000000000e+00 0.000000000000000000e+00
9.304617916731650062e-01 3.663889384743537203e-01 0.000000000000000000e+00 -2.162434339523315430e+00 -3.663889384743537203e-01 9.304617916731650062e-01 0.000000000000000000e+00 -5.714964389801025391e+00 0.000000000000000000e+00 0.000000000000000000e+00 1.000000000000000000e+00 0.000000000000000000e+00
9.248753209413690390e-01 3.802704836213292583e-01 0.000000000000000000e+00 -2.092464208602905273e+00 -3.802704836213292583e-01 9.248753209413690390e-01 0.000000000000000000e+00 -5.347700119018554688e+00 0.000000000000000000e+00 0.000000000000000000e+00 1.000000000000000000e+00 0.000000000000000000e+00
9.483320474276215606e-01 3.172795735967496866e-01 0.000000000000000000e+00 -1.714747428894042969e+00 -3.172795735967496866e-01 9.483320474276215606e-01 0.000000000000000000e+00 -4.915338039398193359e+00 0.000000000000000000e+00 0.000000000000000000e+00 1.000000000000000000e+00 0.000000000000000000e+00
9.640545715794042181e-01 2.657043150136092491e-01 0.000000000000000000e+00 -1.642049193382263184e+00 -2.657043150136092491e-01 9.640545715794042181e-01 0.000000000000000000e+00 -4.455385208129882812e+00 0.000000000000000000e+00 0.000000000000000000e+00 1.000000000000000000e+00 0.000000000000000000e+00
9.452230036788836776e-01 3.264252951538360037e-01 0.000000000000000000e+00 -1.488211035728454590e+00 -3.264252951538360037e-01 9.452230036788836776e-01 0.000000000000000000e+00 -3.909194231033325195e+00 0.000000000000000000e+00 0.000000000000000000e+00 1.000000000000000000e+00 0.000000000000000000e+00
9.382191145702536428e-01 3.460417504507358744e-01 0.000000000000000000e+00 -1.292578220367431641e+00 -3.460417504507358744e-01 9.382191145702536428e-01 0.000000000000000000e+00 -3.519342184066772461e+00 0.000000000000000000e+00 0.000000000000000000e+00 1.000000000000000000e+00 0.000000000000000000e+00
8.763935460770153618e-01 4.815956316190527775e-01 0.000000000000000000e+00 -1.235813975334167480e+00 -4.815956316190527775e-01 8.763935460770153618e-01 0.000000000000000000e+00 -3.049562215805053711e+00 0.000000000000000000e+00 0.000000000000000000e+00 1.000000000000000000e+00 0.000000000000000000e+00
9.051893834279061135e-01 4.250084471271214914e-01 0.000000000000000000e+00 -1.001569867134094238e+00 -4.250084471271214914e-01 9.051893834279061135e-01 0.000000000000000000e+00 -2.657900333404541016e+00 0.000000000000000000e+00 0.000000000000000000e+00 1.000000000000000000e+00 0.000000000000000000e+00
8.626788470087279892e-01 5.057521200387514737e-01 0.000000000000000000e+00 -8.048580288887023926e-01 -5.057521200387514737e-01 8.626788470087279892e-01 0.000000000000000000e+00 -2.461166381835937500e+00 0.000000000000000000e+00 0.000000000000000000e+00 1.000000000000000000e+00 0.000000000000000000e+00
8.384236264659438165e-01 5.450191029530024878e-01 0.000000000000000000e+00 -7.219958305358886719e-01 -5.450191029530024878e-01 8.384236264659438165e-01 0.000000000000000000e+00 -2.059637308120727539e+00 0.000000000000000000e+00 0.000000000000000000e+00 1.000000000000000000e+00 0.000000000000000000e+00
7.955465716104002105e-01 6.058924429293852665e-01 0.000000000000000000e+00 -3.021163046360015869e-01 -6.058924429293852665e-01 7.955465716104002105e-01 0.000000000000000000e+00 -1.728084444999694824e+00 0.000000000000000000e+00 0.000000000000000000e+00 1.000000000000000000e+00 0.000000000000000000e+00
7.536261920040160378e-01 6.573032502015534462e-01 0.000000000000000000e+00 4.307085275650024414e-02 -6.573032502015534462e-01 7.536261920040160378e-01 0.000000000000000000e+00 -1.258598923683166504e+00 0.000000000000000000e+00 0.000000000000000000e+00 1.000000000000000000e+00 0.000000000000000000e+00
6.734119783666399073e-01 7.392674126406005852e-01 0.000000000000000000e+00 2.162818759679794312e-01 -7.392674126406005852e-01 6.734119783666399073e-01 0.000000000000000000e+00 -8.957078456878662109e-01 0.000000000000000000e+00 0.000000000000000000e+00 1.000000000000000000e+00 0.000000000000000000e+00
8.026754210294605452e-01 5.964161034673511885e-01 0.000000000000000000e+00 5.847440958023071289e-01 -5.964161034673511885e-01 8.026754210294605452e-01 0.000000000000000000e+00 -4.927006363868713379e-01 0.000000000000000000e+00 0.000000000000000000e+00 1.000000000000000000e+00 0.000000000000000000e+00
7.237520903597234323e-01 6.900600783264676519e-01 0.000000000000000000e+00 8.333546519279479980e-01 -6.900600783264676519e-01 7.237520903597234323e-01 0.000000000000000000e+00 -1.727923154830932617e-01 0.000000000000000000e+00 0.000000000000000000e+00 1.000000000000000000e+00 0.000000000000000000e+00
-7.932020288814738418e-01 6.089585711510377974e-01 0.000000000000000000e+00 7.026977539062500000e-01 -6.089585711510377974e-01 -7.932020288814738418e-01 0.000000000000000000e+00 -1.648823916912078857e-01 0.000000000000000000e+00 0.000000000000000000e+00 1.000000000000000000e+00 0.000000000000000000e+00
7.375982546006725205e-01 6.752398202194843657e-01 0.000000000000000000e+00 9.230653047561645508e-01 -6.752398202194843657e-01 7.375982546006725205e-01 0.000000000000000000e+00 1.987806558609008789e-01 0.000000000000000000e+00 0.000000000000000000e+00 1.000000000000000000e+00 0.000000000000000000e+00
8.014710903060162650e-01 5.980335203010659351e-01 0.000000000000000000e+00 1.198612332344055176e+00 -5.980335203010659351e-01 8.014710903060162650e-01 0.000000000000000000e+00 4.775541424751281738e-01 0.000000000000000000e+00 0.000000000000000000e+00 1.000000000000000000e+00 0.000000000000000000e+00
8.493524709884258117e-01 5.278260888075307911e-01 0.000000000000000000e+00 1.511744976043701172e+00 -5.278260888075307911e-01 8.493524709884258117e-01 0.000000000000000000e+00 9.014203548431396484e-01 0.000000000000000000e+00 0.000000000000000000e+00 1.000000000000000000e+00 0.000000000000000000e+00
9.253099002368369019e-01 3.792117990301658859e-01 0.000000000000000000e+00 1.672982931137084961e+00 -3.792117990301658859e-01 9.253099002368369019e-01 0.000000000000000000e+00 1.381086111068725586e+00 0.000000000000000000e+00 0.000000000000000000e+00 1.000000000000000000e+00 0.000000000000000000e+00
9.588254300117132756e-01 2.839961175136963001e-01 0.000000000000000000e+00 1.654398679733276367e+00 -2.839961175136963001e-01 9.588254300117132756e-01 0.000000000000000000e+00 1.884704113006591797e+00 0.000000000000000000e+00 0.000000000000000000e+00 1.000000000000000000e+00 0.000000000000000000e+00
9.602728488925255101e-01 2.790628167274044058e-01 0.000000000000000000e+00 1.830010652542114258e+00 -2.790628167274044058e-01 9.602728488925255101e-01 0.000000000000000000e+00 2.506322145462036133e+00 0.000000000000000000e+00 0.000000000000000000e+00 1.000000000000000000e+00 0.000000000000000000e+00
9.817336565390574199e-01 1.902604205252686476e-01 0.000000000000000000e+00 1.916166782379150391e+00 -1.902604205252686476e-01 9.817336565390574199e-01 0.000000000000000000e+00 3.037370443344116211e+00 0.000000000000000000e+00 0.000000000000000000e+00 1.000000000000000000e+00 0.000000000000000000e+00
9.999998050112273162e-01 -6.244817910971038133e-04 0.000000000000000000e+00 1.771083235740661621e+00 6.244817910971038133e-04 9.999998050112273162e-01 0.000000000000000000e+00 3.339752197265625000e+00 0.000000000000000000e+00 0.000000000000000000e+00 1.000000000000000000e+00 0.000000000000000000e+00
9.762671995549659920e-01 -2.165695155674133565e-01 0.000000000000000000e+00 1.583328008651733398e+00 2.165695155674133565e-01 9.762671995549659920e-01 0.000000000000000000e+00 3.767119169235229492e+00 0.000000000000000000e+00 0.000000000000000000e+00 1.000000000000000000e+00 0.000000000000000000e+00
-8.933741704417007545e-01 4.493134669555353677e-01 0.000000000000000000e+00 1.494229316711425781e+00 -4.493134669555353677e-01 -8.933741704417007545e-01 0.000000000000000000e+00 4.198778152465820312e+00 0.000000000000000000e+00 0.000000000000000000e+00 1.000000000000000000e+00 0.000000000000000000e+00
-8.284705550094897397e-01 5.600326235874727443e-01 0.000000000000000000e+00 1.024178028106689453e+00 -5.600326235874727443e-01 -8.284705550094897397e-01 0.000000000000000000e+00 4.678621292114257812e+00 0.000000000000000000e+00 0.000000000000000000e+00 1.000000000000000000e+00 0.000000000000000000e+00
-6.783378305048749501e-01 7.347501532534304047e-01 0.000000000000000000e+00 6.507198810577392578e-01 -7.347501532534304047e-01 -6.783378305048749501e-01 0.000000000000000000e+00 4.908525943756103516e+00 0.000000000000000000e+00 0.000000000000000000e+00 1.000000000000000000e+00 0.000000000000000000e+00
-5.501833282095957012e-01 8.350438942715600055e-01 0.000000000000000000e+00 3.542184233665466309e-01 -8.350438942715600055e-01 -5.501833282095957012e-01 0.000000000000000000e+00 5.306137084960937500e+00 0.000000000000000000e+00 0.000000000000000000e+00 1.000000000000000000e+00 0.000000000000000000e+00
-4.141892563885801737e-01 9.101907821398077525e-01 0.000000000000000000e+00 7.872045040130615234e-03 -9.101907821398077525e-01 -4.141892563885801737e-01 0.000000000000000000e+00 5.416170120239257812e+00 0.000000000000000000e+00 0.000000000000000000e+00 1.000000000000000000e+00 0.000000000000000000e+00
-1.820515124937387430e-01 9.832889945477586435e-01 0.000000000000000000e+00 -5.029016733169555664e-01 -9.832889945477586435e-01 -1.820515124937387430e-01 0.000000000000000000e+00 5.536096572875976562e+00 0.000000000000000000e+00 0.000000000000000000e+00 1.000000000000000000e+00 0.000000000000000000e+00
-5.869670617142563884e-02 9.982758620164194907e-01 0.000000000000000000e+00 -8.691905736923217773e-01 -9.982758620164194907e-01 -5.869670617142563884e-02 0.000000000000000000e+00 5.628082752227783203e+00 0.000000000000000000e+00 0.000000000000000000e+00 1.000000000000000000e+00 0.000000000000000000e+00
3.264518535395716792e-01 9.452138315326210627e-01 0.000000000000000000e+00 -1.296691298484802246e+00 -9.452138315326210627e-01 3.264518535395716792e-01 0.000000000000000000e+00 5.544436931610107422e+00 0.000000000000000000e+00 0.000000000000000000e+00 1.000000000000000000e+00 0.000000000000000000e+00
4.468991468913868781e-01 8.945843462232896393e-01 0.000000000000000000e+00 -1.701181888580322266e+00 -8.945843462232896393e-01 4.468991468913868781e-01 0.000000000000000000e+00 5.431096076965332031e+00 0.000000000000000000e+00 0.000000000000000000e+00 1.000000000000000000e+00 0.000000000000000000e+00
4.569500146420858999e-01 8.894923744016007827e-01 0.000000000000000000e+00 -1.985512137413024902e+00 -8.894923744016007827e-01 4.569500146420858999e-01 0.000000000000000000e+00 5.156226634979248047e+00 0.000000000000000000e+00 0.000000000000000000e+00 1.000000000000000000e+00 0.000000000000000000e+00
5.484044416458059290e-01 8.362132314088026597e-01 0.000000000000000000e+00 -1.983987689018249512e+00 -8.362132314088026597e-01 5.484044416458059290e-01 0.000000000000000000e+00 5.139414787292480469e+00 0.000000000000000000e+00 0.000000000000000000e+00 1.000000000000000000e+00 0.000000000000000000e+00
4.241734656997362407e-01 9.055809577261850762e-01 0.000000000000000000e+00 -2.407004356384277344e+00 -9.055809577261850762e-01 4.241734656997362407e-01 0.000000000000000000e+00 4.890444755554199219e+00 0.000000000000000000e+00 0.000000000000000000e+00 1.000000000000000000e+00 0.000000000000000000e+00
4.614722249231994478e-01 8.871546571057562502e-01 0.000000000000000000e+00 -2.883426427841186523e+00 -8.871546571057562502e-01 4.614722249231994478e-01 0.000000000000000000e+00 4.727235317230224609e+00 0.000000000000000000e+00 0.000000000000000000e+00 1.000000000000000000e+00 0.000000000000000000e+00
5.884192102657842538e-01 8.085560172246513133e-01 0.000000000000000000e+00 -3.232740163803100586e+00 -8.085560172246513133e-01 5.884192102657842538e-01 0.000000000000000000e+00 4.457475662231445312e+00 0.000000000000000000e+00 0.000000000000000000e+00 1.000000000000000000e+00 0.000000000000000000e+00
6.417616972376445350e-01 7.669041165352145084e-01 0.000000000000000000e+00 -3.484994173049926758e+00 -7.669041165352145084e-01 6.417616972376445350e-01 0.000000000000000000e+00 4.221181869506835938e+00 0.000000000000000000e+00 0.000000000000000000e+00 1.000000000000000000e+00 0.000000000000000000e+00
6.315147014778248469e-01 7.753639028336138939e-01 0.000000000000000000e+00 -3.883401393890380859e+00 -7.753639028336138939e-01 6.315147014778248469e-01 0.000000000000000000e+00 3.939588308334350586e+00 0.000000000000000000e+00 0.000000000000000000e+00 1.000000000000000000e+00 0.000000000000000000e+00
4.933222990966176780e-01 8.698466009671057542e-01 0.000000000000000000e+00 -4.306276321411132812e+00 -8.698466009671057542e-01 4.933222990966176780e-01 0.000000000000000000e+00 3.635020732879638672e+00 0.000000000000000000e+00 0.000000000000000000e+00 1.000000000000000000e+00 0.000000000000000000e+00
4.210190878357677469e-01 9.070517778373724527e-01 0.000000000000000000e+00 -4.831667423248291016e+00 -9.070517778373724527e-01 4.210190878357677469e-01 0.000000000000000000e+00 3.212936162948608398e+00 0.000000000000000000e+00 0.000000000000000000e+00 1.000000000000000000e+00 0.000000000000000000e+00
3.681234946930083685e-01 9.297769047760902072e-01 0.000000000000000000e+00 -5.175595760345458984e+00 -9.297769047760902072e-01 3.681234946930083685e-01 0.000000000000000000e+00 2.995851516723632812e+00 0.000000000000000000e+00 0.000000000000000000e+00 1.000000000000000000e+00 0.000000000000000000e+00
4.314899741179258341e-01 9.021177319151373331e-01 0.000000000000000000e+00 -5.711926937103271484e+00 -9.021177319151373331e-01 4.314899741179258341e-01 0.000000000000000000e+00 2.817848443984985352e+00 0.000000000000000000e+00 0.000000000000000000e+00 1.000000000000000000e+00 0.000000000000000000e+00
3.029699941685884967e-01 9.530000958202918815e-01 0.000000000000000000e+00 -6.302074909210205078e+00 -9.530000958202918815e-01 3.029699941685884967e-01 0.000000000000000000e+00 2.616008520126342773e+00 0.000000000000000000e+00 0.000000000000000000e+00 1.000000000000000000e+00 0.000000000000000000e+00
1.877997828042884676e-01 9.822073312588651683e-01 0.000000000000000000e+00 -6.656877994537353516e+00 -9.822073312588651683e-01 1.877997828042884676e-01 0.000000000000000000e+00 2.439164161682128906e+00 0.000000000000000000e+00 0.000000000000000000e+00 1.000000000000000000e+00 0.000000000000000000e+00
1.826340889597072026e-01 9.831809546313728942e-01 0.000000000000000000e+00 -7.158511161804199219e+00 -9.831809546313728942e-01 1.826340889597072026e-01 0.000000000000000000e+00 2.403962612152099609e+00 0.000000000000000000e+00 0.000000000000000000e+00 1.000000000000000000e+00 0.000000000000000000e+00
2.338679665153164111e-01 9.722683653384958102e-01 0.000000000000000000e+00 -7.505441665649414062e+00 -9.722683653384958102e-01 2.338679665153164111e-01 0.000000000000000000e+00 2.320316553115844727e+00 0.000000000000000000e+00 0.000000000000000000e+00 1.000000000000000000e+00 0.000000000000000000e+00
2.433264970313110953e-01 9.699444395646955597e-01 0.000000000000000000e+00 -8.056056976318359375e+00 -9.699444395646955597e-01 2.433264970313110953e-01 0.000000000000000000e+00 2.219847679138183594e+00 0.000000000000000000e+00 0.000000000000000000e+00 1.000000000000000000e+00 0.000000000000000000e+00
4.271925063060870720e-01 9.041606950956914135e-01 0.000000000000000000e+00 -8.695696830749511719e+00 -9.041606950956914135e-01 4.271925063060870720e-01 0.000000000000000000e+00 2.345234394073486328e+00 0.000000000000000000e+00 0.000000000000000000e+00 1.000000000000000000e+00 0.000000000000000000e+00
3.915265550228554381e-01 9.201668091775180303e-01 0.000000000000000000e+00 -9.256126403808593750e+00 -9.201668091775180303e-01 3.915265550228554381e-01 0.000000000000000000e+00 2.152602434158325195e+00 0.000000000000000000e+00 0.000000000000000000e+00 1.000000000000000000e+00 0.000000000000000000e+00
1.979065339855343997e-01 9.802208954138003083e-01 0.000000000000000000e+00 -9.812196731567382812e+00 -9.802208954138003083e-01 1.979065339855343997e-01 0.000000000000000000e+00 1.928615093231201172e+00 0.000000000000000000e+00 0.000000000000000000e+00 1.000000000000000000e+00 0.000000000000000000e+00
2.967037873036356688e-01 9.549695610854195271e-01 0.000000000000000000e+00 -1.055587196350097656e+01 -9.549695610854195271e-01 2.967037873036356688e-01 0.000000000000000000e+00 1.789744257926940918e+00 0.000000000000000000e+00 0.000000000000000000e+00 1.000000000000000000e+00 0.000000000000000000e+00
3.239235415425856801e-01 9.460832623160124744e-01 0.000000000000000000e+00 -1.096943187713623047e+01 -9.460832623160124744e-01 3.239235415425856801e-01 0.000000000000000000e+00 1.500371217727661133e+00 0.000000000000000000e+00 0.000000000000000000e+00 1.000000000000000000e+00 0.000000000000000000e+00
4.358553520049102681e-01 9.000167288049015779e-01 0.000000000000000000e+00 -1.106089210510253906e+01 -9.000167288049015779e-01 4.358553520049102681e-01 0.000000000000000000e+00 1.579539060592651367e+00 0.000000000000000000e+00 0.000000000000000000e+00 1.000000000000000000e+00 0.000000000000000000e+00
4.536466201992565006e-01 8.911816559948882999e-01 0.000000000000000000e+00 -1.145015716552734375e+01 -8.911816559948882999e-01 4.536466201992565006e-01 0.000000000000000000e+00 1.205465555191040039e+00 0.000000000000000000e+00 0.000000000000000000e+00 1.000000000000000000e+00 0.000000000000000000e+00
5.057043709518013186e-01 8.627068385032327091e-01 0.000000000000000000e+00 -1.166145992279052734e+01 -8.627068385032327091e-01 5.057043709518013186e-01 0.000000000000000000e+00 7.570210695266723633e-01 0.000000000000000000e+00 0.000000000000000000e+00 1.000000000000000000e+00 0.000000000000000000e+00
6.482757123344285999e-01 7.614056742612896889e-01 0.000000000000000000e+00 -1.193457984924316406e+01 -7.614056742612896889e-01 6.482757123344285999e-01 0.000000000000000000e+00 3.800629377365112305e-01 0.000000000000000000e+00 0.000000000000000000e+00 1.000000000000000000e+00 0.000000000000000000e+00
7.880716688922911883e-01 6.155834993640739716e-01 0.000000000000000000e+00 -1.229218101501464844e+01 -6.155834993640739716e-01 7.880716688922911883e-01 0.000000000000000000e+00 3.165866062045097351e-02 0.000000000000000000e+00 0.000000000000000000e+00 1.000000000000000000e+00 0.000000000000000000e+00
8.729418702872402402e-01 4.878242420169532911e-01 0.000000000000000000e+00 -1.229400062561035156e+01 -4.878242420169532911e-01 8.729418702872402402e-01 0.000000000000000000e+00 -3.592623174190521240e-01 0.000000000000000000e+00 0.000000000000000000e+00 1.000000000000000000e+00 0.000000000000000000e+00
9.247871711380331039e-01 3.804848066592334543e-01 0.000000000000000000e+00 -1.235314464569091797e+01 -3.804848066592334543e-01 9.247871711380331039e-01 0.000000000000000000e+00 -7.521600127220153809e-01 0.000000000000000000e+00 0.000000000000000000e+00 1.000000000000000000e+00 0.000000000000000000e+00
9.879193518493423198e-01 1.549688815265031216e-01 0.000000000000000000e+00 -1.252639865875244141e+01 -1.549688815265031216e-01 9.879193518493423198e-01 0.000000000000000000e+00 -1.012220025062561035e+00 0.000000000000000000e+00 0.000000000000000000e+00 1.000000000000000000e+00 0.000000000000000000e+00
9.931018352607888788e-01 -1.172550416896988718e-01 0.000000000000000000e+00 -1.253278636932373047e+01 1.172550416896988718e-01 9.931018352607888788e-01 0.000000000000000000e+00 -1.440290808677673340e+00 0.000000000000000000e+00 0.000000000000000000e+00 1.000000000000000000e+00 0.000000000000000000e+00
9.702864126526677957e-01 -2.419592474397637971e-01 0.000000000000000000e+00 -1.249409770965576172e+01 2.419592474397637971e-01 9.702864126526677957e-01 0.000000000000000000e+00 -1.765159368515014648e+00 0.000000000000000000e+00 0.000000000000000000e+00 1.000000000000000000e+00 0.000000000000000000e+00
-9.282774625508636301e-01 3.718883602912707032e-01 0.000000000000000000e+00 -1.231826591491699219e+01 -3.718883602912707032e-01 -9.282774625508636301e-01 0.000000000000000000e+00 -2.184352397918701172e+00 0.000000000000000000e+00 0.000000000000000000e+00 1.000000000000000000e+00 0.000000000000000000e+00
-8.895536681435205484e-01 4.568306814262886317e-01 0.000000000000000000e+00 -1.207430553436279297e+01 -4.568306814262886317e-01 -8.895536681435205484e-01 0.000000000000000000e+00 -2.567086458206176758e+00 0.000000000000000000e+00 0.000000000000000000e+00 1.000000000000000000e+00 0.000000000000000000e+00
-8.521663310103646527e-01 5.232710046355841804e-01 0.000000000000000000e+00 -1.179535865783691406e+01 -5.232710046355841804e-01 -8.521663310103646527e-01 0.000000000000000000e+00 -3.009684324264526367e+00 0.000000000000000000e+00 0.000000000000000000e+00 1.000000000000000000e+00 0.000000000000000000e+00
-7.646715027552719590e-01 6.444202765850823855e-01 0.000000000000000000e+00 -1.141547966003417969e+01 -6.444202765850823855e-01 -7.646715027552719590e-01 0.000000000000000000e+00 -3.428384542465209961e+00 0.000000000000000000e+00 0.000000000000000000e+00 1.000000000000000000e+00 0.000000000000000000e+00
-5.735707539861976123e-01 8.191560230943215615e-01 0.000000000000000000e+00 -1.116744995117187500e+01 -8.191560230943215615e-01 -5.735707539861976123e-01 0.000000000000000000e+00 -3.499446153640747070e+00 0.000000000000000000e+00 0.000000000000000000e+00 1.000000000000000000e+00 0.000000000000000000e+00
-3.599239084620189377e-01 9.329816611903066770e-01 0.000000000000000000e+00 -1.075805950164794922e+01 -9.329816611903066770e-01 -3.599239084620189377e-01 0.000000000000000000e+00 -3.551355600357055664e+00 0.000000000000000000e+00 0.000000000000000000e+00 1.000000000000000000e+00 0.000000000000000000e+00
-1.417286583041023618e-01 9.899055446936939617e-01 0.000000000000000000e+00 -1.011510944366455078e+01 -9.899055446936939617e-01 -1.417286583041023618e-01 0.000000000000000000e+00 -3.435703277587890625e+00 0.000000000000000000e+00 0.000000000000000000e+00 1.000000000000000000e+00 0.000000000000000000e+00
-4.524626836925669388e-02 9.989758631712065684e-01 0.000000000000000000e+00 -9.501874923706054688e+00 -9.989758631712065684e-01 -4.524626836925669388e-02 0.000000000000000000e+00 -3.494910001754760742e+00 0.000000000000000000e+00 0.000000000000000000e+00 1.000000000000000000e+00 0.000000000000000000e+00
7.467716461560375274e-02 9.972077622466514191e-01 0.000000000000000000e+00 -9.229777336120605469e+00 -9.972077622466514191e-01 7.467716461560375274e-02 0.000000000000000000e+00 -3.540721893310546875e+00 0.000000000000000000e+00 0.000000000000000000e+00 1.000000000000000000e+00 0.000000000000000000e+00
-1.947488027957957890e-01 -9.808531509913215318e-01 0.000000000000000000e+00 -8.737114906311035156e+00 9.808531509913215318e-01 -1.947488027957957890e-01 0.000000000000000000e+00 -3.308477401733398438e+00 0.000000000000000000e+00 0.000000000000000000e+00 1.000000000000000000e+00 0.000000000000000000e+00
