9.993183526975952802e-01 3.691652694613332952e-02 0.000000000000000000e+00 -8.000010490417480469e+00 -3.691652694613332952e-02 9.993183526975952802e-01 0.000000000000000000e+00 4.999998092651367188e+00 0.000000000000000000e+00 0.000000000000000000e+00 1.000000000000000000e+00 0.000000000000000000e+00
9.997799361459402956e-01 -2.097806664160388468e-02 0.000000000000000000e+00 -8.020503044128417969e+00 2.097806664160388468e-02 9.997799361459402956e-01 0.000000000000000000e+00 4.600566864013671875e+00 0.000000000000000000e+00 0.000000000000000000e+00 1.000000000000000000e+00 0.000000000000000000e+00
9.967511024694429844e-01 -8.054340274628256358e-02 0.000000000000000000e+00 -8.014944076538085938e+00 8.054340274628256358e-02 9.967511024694429844e-01 0.000000000000000000e+00 4.200777053833007812e+00 0.000000000000000000e+00 0.000000000000000000e+00 1.000000000000000000e+00 0.000000000000000000e+00
9.869058482501015250e-01 -1.612973858738808719e-01 0.000000000000000000e+00 -7.936856746673583984e+00 1.612973858738808719e-01 9.869058482501015250e-01 0.000000000000000000e+00 3.852966547012329102e+00 0.000000000000000000e+00 0.000000000000000000e+00 1.000000000000000000e+00 0.000000000000000000e+00
9.748927983361532768e-01 -2.226747218529852579e-01 0.000000000000000000e+00 -7.822366237640380859e+00 2.226747218529852579e-01 9.748927983361532768e-01 0.000000000000000000e+00 3.508959531784057617e+00 0.000000000000000000e+00 0.000000000000000000e+00 1.000000000000000000e+00 0.000000000000000000e+00
9.498632801362878464e-01 -3.126655546246372985e-01 0.000000000000000000e+00 -7.699033260345458984e+00 3.126655546246372985e-01 9.498632801362878464e-01 0.000000000000000000e+00 3.011109113693237305e+00 0.000000000000000000e+00 0.000000000000000000e+00 1.000000000000000000e+00 0.000000000000000000e+00
9.747165478215459311e-01 -2.234449628048214287e-01 0.000000000000000000e+00 -7.365044116973876953e+00 2.234449628048214287e-01 9.747165478215459311e-01 0.000000000000000000e+00 2.532758235931396484e+00 0.000000000000000000e+00 0.000000000000000000e+00 1.000000000000000000e+00 0.000000000000000000e+00
9.891512198209696516e-01 -1.469008656430851878e-01 0.000000000000000000e+00 -7.221290111541748047e+00 1.469008656430851878e-01 9.891512198209696516e-01 0.000000000000000000e+00 2.053937673568725586e+00 0.000000000000000000e+00 0.000000000000000000e+00 1.000000000000000000e+00 0.000000000000000000e+00
9.786949605840291611e-01 -2.053196876274304972e-01 0.000000000000000000e+00 -7.098228454589843750e+00 2.053196876274304972e-01 9.786949605840291611e-01 0.000000000000000000e+00 1.627062082290649414e+00 0.000000000000000000e+00 0.000000000000000000e+00 1.000000000000000000e+00 0.000000000000000000e+00
9.749423169355748708e-01 -2.224578131877885390e-01 0.000000000000000000e+00 -7.012653827667236328e+00 2.224578131877885390e-01 9.749423169355748708e-01 0.000000000000000000e+00 1.122298359870910645e+00 0.000000000000000000e+00 0.000000000000000000e+00 1.000000000000000000e+00 0.000000000000000000e+00
9.819121646366903988e-01 -1.893370036165384629e-01 0.000000000000000000e+00 -6.793760776519775391e+00 1.893370036165384629e-01 9.819121646366903988e-01 0.000000000000000000e+00 6.923822164535522461e-01 0.000000000000000000e+00 0.000000000000000000e+00 1.000000000000000000e+00 0.000000000000000000e+00
9.991317156703363178e-01 4.166311008134549604e-02 0.000000000000000000e+00 -6.771656036376953125e+00 -4.166311008134549604e-02 9.991317156703363178e-01 0.000000000000000000e+00 2.749089002609252930e-01 0.000000000000000000e+00 0.000000000000000000e+00 1.000000000000000000e+00 0.000000000000000000e+00
9.946891939962282381e-01 1.029242796775079460e-01 0.000000000000000000e+00 -6.691858291625976562e+00 -1.029242796775079460e-01 9.946891939962282381e-01 0.000000000000000000e+00 -1.727050691843032837e-01 0.000000000000000000e+00 0.000000000000000000e+00 1.000000000000000000e+00 0.000000000000000000e+00
9.889004445397525656e-01 1.485796445987128123e-01 0.000000000000000000e+00 -6.887154579162597656e+00 -1.485796445987128123e-01 9.889004445397525656e-01 0.000000000000000000e+00 -7.391820549964904785e-01 0.000000000000000000e+00 0.000000000000000000e+00 1.000000000000000000e+00 0.000000000000000000e+00
9.976208553607263108e-01 6.893931352524988732e-02 0.000000000000000000e+00 -6.780217170715332031e+00 -6.893931352524988732e-02 9.976208553607263108e-01 0.000000000000000000e+00 -1.095483303070068359e+00 0.000000000000000000e+00 0.000000000000000000e+00 1.000000000000000000e+00 0.000000000000000000e+00
9.910894578288018675e-01 1.331979225836932013e-01 0.000000000000000000e+00 -6.830729007720947266e+00 -1.331979225836932013e-01 9.910894578288018675e-01 0.000000000000000000e+00 -1.599536061286926270e+00 0.000000000000000000e+00 0.000000000000000000e+00 1.000000000000000000e+00 0.000000000000000000e+00
9.966171945972622792e-01 8.218374190241445332e-02 0.000000000000000000e+00 -6.954807758331298828e+00 -8.218374190241445332e-02 9.966171945972622792e-01 0.000000000000000000e+00 -1.882249355316162109e+00 0.000000000000000000e+00 0.000000000000000000e+00 1.000000000000000000e+00 0.000000000000000000e+00
9.972725163369334789e-01 7.380737198275515165e-02 0.000000000000000000e+00 -6.908907413482666016e+00 -7.380737198275515165e-02 9.972725163369334789e-01 0.000000000000000000e+00 -2.492737770080566406e+00 0.000000000000000000e+00 0.000000000000000000e+00 1.000000000000000000e+00 0.000000000000000000e+00
9.868038313747927726e-01 1.619203458001171325e-01 0.000000000000000000e+00 -7.071456432342529297e+00 -1.619203458001171325e-01 9.868038313747927726e-01 0.000000000000000000e+00 -2.933658599853515625e+00 0.000000000000000000e+00 0.000000000000000000e+00 1.000000000000000000e+00 0.000000000000000000e+00
9.906097732873111461e-01 1.367197025584167835e-01 0.000000000000000000e+00 -6.951251029968261719e+00 -1.367197025584167835e-01 9.906097732873111461e-01 0.000000000000000000e+00 -3.266847848892211914e+00 0.000000000000000000e+00 0.000000000000000000e+00 1.000000000000000000e+00 0.000000000000000000e+00
9.999257867964780333e-01 -1.218281163953214251e-02 0.000000000000000000e+00 -7.097102165222167969e+00 1.218281163953214251e-02 9.999257867964780333e-01 0.000000000000000000e+00 -3.231287479400634766e+00 0.000000000000000000e+00 0.000000000000000000e+00 1.000000000000000000e+00 0.000000000000000000e+00
9.895080659289864355e-01 -1.444776365444726263e-01 0.000000000000000000e+00 -6.989964008331298828e+00 1.444776365444726263e-01 9.895080659289864355e-01 0.000000000000000000e+00 -3.496609926223754883e+00 0.000000000000000000e+00 0.000000000000000000e+00 1.000000000000000000e+00 0.000000000000000000e+00
9.580280491770355455e-01 -2.866744791397440872e-01 0.000000000000000000e+00 -6.817536354064941406e+00 2.866744791397440872e-01 9.580280491770355455e-01 0.000000000000000000e+00 -3.952415704727172852e+00 0.000000000000000000e+00 0.000000000000000000e+00 1.000000000000000000e+00 0.000000000000000000e+00
8.600978428613557103e-01 -5.101291019979575792e-01 0.000000000000000000e+00 -6.579329013824462891e+00 5.101291019979575792e-01 8.600978428613557103e-01 0.000000000000000000e+00 -4.296936511993408203e+00 0.000000000000000000e+00 0.000000000000000000e+00 1.000000000000000000e+00 0.000000000000000000e+00
7.448960453053999897e-01 -6.671805465452177453e-01 0.000000000000000000e+00 -6.336216926574707031e+00 6.671805465452177453e-01 7.448960453053999897e-01 0.000000000000000000e+00 -4.659887790679931641e+00 0.000000000000000000e+00 0.000000000000000000e+00 1.000000000000000000e+00 0.000000000000000000e+00
6.272111277030246734e-01 -7.788492802111972590e-01 0.000000000000000000e+00 -6.029627323150634766e+00 7.788492802111972590e-01 6.272111277030246734e-01 0.000000000000000000e+00 -4.851077556610107422e+00 0.000000000000000000e+00 0.000000000000000000e+00 1.000000000000000000e+00 0.000000000000000000e+00
4.720569789209601019e-01 -8.815680397178746741e-01 0.000000000000000000e+00 -5.736863613128662109e+00 8.815680397178746741e-01 4.720569789209601019e-01 0.000000000000000000e+00 -4.890096664428710938e+00 0.000000000000000000e+00 0.000000000000000000e+00 1.000000000000000000e+00 0.000000000000000000e+00
3.245280390586508523e-01 -9.458760763782678715e-01 0.000000000000000000e+00 -5.497659683227539062e+00 9.458760763782678715e-01 3.245280390586508523e-01 0.000000000000000000e+00 -4.938715934753417969e+00 0.000000000000000000e+00 0.000000000000000000e+00 1.000000000000000000e+00 0.000000000000000000e+00
4.580570909887287517e-02 -9.989503676429322132e-01 0.000000000000000000e+00 -5.090289115905761719e+00 9.989503676429322132e-01 4.580570909887287517e-02 0.000000000000000000e+00 -4.974059581756591797e+00 0.000000000000000000e+00 0.000000000000000000e+00 1.000000000000000000e+00 0.000000000000000000e+00
-1.629481176575288959e-01 -9.866346390391268484e-01 0.000000000000000000e+00 -4.578429222106933594e+00 9.866346390391268484e-01 -1.629481176575288959e-01 0.000000000000000000e+00 -5.011744499206542969e+00 0.000000000000000000e+00 0.000000000000000000e+00 1.000000000000000000e+00 0.000000000000000000e+00
2.647018213247378515e-01 9.643303094828901134e-01 0.000000000000000000e+00 -4.247889518737792969e+00 -9.643303094828901134e-01 2.647018213247378515e-01 0.000000000000000000e+00 -4.932073593139648438e+00 0.000000000000000000e+00 0.000000000000000000e+00 1.000000000000000000e+00 0.000000000000000000e+00
3.757069088533707690e-01 9.267385384453615815e-01 0.000000000000000000e+00 -3.756596326828002930e+00 -9.267385384453615815e-01 3.757069088533707690e-01 0.000000000000000000e+00 -4.710983753204345703e+00 0.000000000000000000e+00 0.000000000000000000e+00 1.000000000000000000e+00 0.000000000000000000e+00
4.253590230046717657e-01 9.050246966511528157e-01 0.000000000000000000e+00 -3.384445428848266602e+00 -9.050246966511528157e-01 4.253590230046717657e-01 0.000000000000000000e+00 -4.527117252349853516e+00 0.000000000000000000e+00 0.000000000000000000e+00 1.000000000000000000e+00 0.000000000000000000e+00
6.402171909710441255e-01 7.681939523226837263e-01 0.000000000000000000e+00 -3.107364416122436523e+00 -7.681939523226837263e-01 6.402171909710441255e-01 0.000000000000000000e+00 -4.489467144012451172e+00 0.000000000000000000e+00 0.000000000000000000e+00 1.000000000000000000e+00 0.000000000000000000e+00
7.944759950985975649e-01 6.072955567201964167e-01 0.000000000000000000e+00 -2.895174503326416016e+00 -6.072955567201964167e-01 7.944759950985975649e-01 0.000000000000000000e+00 -4.032413959503173828e+00 0.000000000000000000e+00 0.000000000000000000e+00 1.000000000000000000e+00 0.000000000000000000e+00
8.733868996606536372e-01 4.870270254320095971e-01 0.000000000000000000e+00 -2.619611501693725586e+00 -4.870270254320095971e-01 8.733868996606536372e-01 0.000000000000000000e+00 -3.596597433090209961e+00 0.000000000000000000e+00 0.000000000000000000e+00 1.000000000000000000e+00 0.000000000000000000e+00
9.388769667752145942e-01 3.442528740024876632e-01 0.000000000000000000e+00 -2.543039560317993164e+00 -3.442528740024876632e-01 9.388769667752145942e-01 0.000000000000000000e+00 -3.194269657135009766e+00 0.000000000000000000e+00 0.000000000000000000e+00 1.000000000000000000e+00 0.000000000000000000e+00
9.843639614108989910e-01 1.761465057145389368e-01 0.000000000000000000e+00 -2.268524169921875000e+00 -1.761465057145389368e-01 9.843639614108989910e-01 0.000000000000000000e+00 -2.785825729370117188e+00 0.000000000000000000e+00 0.000000000000000000e+00 1.000000000000000000e+00 0.000000000000000000e+00
9.854790781462631211e-01 1.697968978986112432e-01 0.000000000000000000e+00 -2.054663658142089844e+00 -1.697968978986112432e-01 9.854790781462631211e-01 0.000000000000000000e+00 -2.378150701522827148e+00 0.000000000000000000e+00 0.000000000000000000e+00 1.000000000000000000e+00 0.000000000000000000e+00
9.910151240827038688e-01 1.337498554741011758e-01 0.000000000000000000e+00 -1.885920763015747070e+00 -1.337498554741011758e-01 9.910151240827038688e-01 0.000000000000000000e+00 -1.806379675865173340e+00 0.000000000000000000e+00 0.000000000000000000e+00 1.000000000000000000e+00 0.000000000000000000e+00
-9.909179351887984488e-01 -1.344680100290330804e-01 0.000000000000000000e+00 -1.928233385086059570e+00 1.344680100290330804e-01 -9.909179351887984488e-01 0.000000000000000000e+00 -1.972601890563964844e+00 0.000000000000000000e+00 0.000000000000000000e+00 1.000000000000000000e+00 0.000000000000000000e+00
9.989449991681740304e-01 -4.592263752112638042e-02 0.000000000000000000e+00 -1.932520270347595215e+00 4.592263752112638042e-02 9.989449991681740304e-01 0.000000000000000000e+00 -1.194117426872253418e+00 0.000000000000000000e+00 0.000000000000000000e+00 1.000000000000000000e+00 0.000000000000000000e+00
9.723016609411938571e-01 -2.337295020552513369e-01 0.000000000000000000e+00 -1.998934030532836914e+00 2.337295020552513369e-01 9.723016609411938571e-01 0.000000000000000000e+00 -7.300937175750732422e-01 0.000000000000000000e+00 0.000000000000000000e+00 1.000000000000000000e+00 0.000000000000000000e+00
9.453873660274683122e-01 -3.259489655692216492e-01 0.000000000000000000e+00 -1.996417522430419922e+00 3.259489655692216492e-01 9.453873660274683122e-01 0.000000000000000000e+00 -1.301639676094055176e-01 0.000000000000000000e+00 0.000000000000000000e+00 1.000000000000000000e+00 0.000000000000000000e+00
9.086240862549976871e-01 -4.176149780327215733e-01 0.000000000000000000e+00 -2.063344955444335938e+00 4.176149780327215733e-01 9.086240862549976871e-01 0.000000000000000000e+00 4.500470757484436035e-01 0.000000000000000000e+00 0.000000000000000000e+00 1.000000000000000000e+00 0.000000000000000000e+00
8.868842119171338467e-01 -4.619917690307095981e-01 0.000000000000000000e+00 -2.333038091659545898e+00 4.619917690307095981e-01 8.868842119171338467e-01 0.000000000000000000e+00 8.966785669326782227e-01 0.000000000000000000e+00 0.000000000000000000e+00 1.000000000000000000e+00 0.000000000000000000e+00
8.800177693150000868e-01 -4.749407601899960918e-01 0.000000000000000000e+00 -2.539337635040283203e+00 4.749407601899960918e-01 8.800177693150000868e-01 0.000000000000000000e+00 1.256532311439514160e+00 0.000000000000000000e+00 0.000000000000000000e+00 1.000000000000000000e+00 0.000000000000000000e+00
8.281650176373140937e-01 -5.604843472941837268e-01 0.000000000000000000e+00 -2.582621097564697266e+00 5.604843472941837268e-01 8.281650176373140937e-01 0.000000000000000000e+00 1.912052154541015625e+00 0.000000000000000000e+00 0.000000000000000000e+00 1.000000000000000000e+00 0.000000000000000000e+00
7.682286461948383272e-01 -6.401755596441072171e-01 0.000000000000000000e+00 -2.885639429092407227e+00 6.401755596441072171e-01 7.682286461948383272e-01 0.000000000000000000e+00 2.331995010375976562e+00 0.000000000000000000e+00 0.000000000000000000e+00 1.000000000000000000e+00 0.000000000000000000e+00
7.709698099408730521e-01 -6.368716920697088391e-01 0.000000000000000000e+00 -3.226164579391479492e+00 6.368716920697088391e-01 7.709698099408730521e-01 0.000000000000000000e+00 2.871870994567871094e+00 0.000000000000000000e+00 0.000000000000000000e+00 1.000000000000000000e+00 0.000000000000000000e+00
7.411515488157752740e-01 -6.713377552975681173e-01 0.000000000000000000e+00 -3.424751758575439453e+00 6.713377552975681173e-01 7.411515488157752740e-01 0.000000000000000000e+00 3.333154201507568359e+00 0.000000000000000000e+00 0.000000000000000000e+00 1.000000000000000000e+00 0.000000000000000000e+00
7.856403104484398492e-01 -6.186835237813264055e-01 0.000000000000000000e+00 -3.809696197509765625e+00 6.186835237813264055e-01 7.856403104484398492e-01 0.000000000000000000e+00 3.698301792144775391e+00 0.000000000000000000e+00 0.000000000000000000e+00 1.000000000000000000e+00 0.000000000000000000e+00
6.845560284079206248e-01 -7.289602485529469433e-01 0.000000000000000000e+00 -4.046366691589355469e+00 7.289602485529469433e-01 6.845560284079206248e-01 0.000000000000000000e+00 4.173646450042724609e+00 0.000000000000000000e+00 0.000000000000000000e+00 1.000000000000000000e+00 0.000000000000000000e+00
6.876870739100200414e-01 -7.260072233642546058e-01 0.000000000000000000e+00 -4.129488468170166016e+00 7.260072233642546058e-01 6.876870739100200414e-01 0.000000000000000000e+00 4.501196861267089844e+00 0.000000000000000000e+00 0.000000000000000000e+00 1.000000000000000000e+00 0.000000000000000000e+00
6.493318774021877848e-01 -7.605051696006741579e-01 0.000000000000000000e+00 -4.502974987030029297e+00 7.605051696006741579e-01 6.493318774021877848e-01 0.000000000000000000e+00 4.776425361633300781e+00 0.000000000000000000e+00 0.000000000000000000e+00 1.000000000000000000e+00 0.000000000000000000e+00
6.324728100005068132e-01 -7.745825615194694702e-01 0.000000000000000000e+00 -4.718681335449218750e+00 7.745825615194694702e-01 6.324728100005068132e-01 0.000000000000000000e+00 5.377291202545166016e+00 0.000000000000000000e+00 0.000000000000000000e+00 1.000000000000000000e+00 0.000000000000000000e+00
6.046017404819968855e-01 -7.965279250636101427e-01 0.000000000000000000e+00 -5.155681610107421875e+00 7.965279250636101427e-01 6.046017404819968855e-01 0.000000000000000000e+00 5.900692939758300781e+00 0.000000000000000000e+00 0.000000000000000000e+00 1.000000000000000000e+00 0.000000000000000000e+00
6.094048123726669708e-01 -7.928592401284320079e-01 0.000000000000000000e+00 -5.528561592102050781e+00 7.928592401284320079e-01 6.094048123726669708e-01 0.000000000000000000e+00 6.170631885528564453e+00 0.000000000000000000e+00 0.000000000000000000e+00 1.000000000000000000e+00 0.000000000000000000e+00
3.439577556074496778e-01 -9.389851236081889763e-01 0.000000000000000000e+00 -5.969866752624511719e+00 9.389851236081889763e-01 3.439577556074496778e-01 0.000000000000000000e+00 6.631411075592041016e+00 0.000000000000000000e+00 0.000000000000000000e+00 1.000000000000000000e+00 0.000000000000000000e+00
3.514932737066059909e-01 -9.361904072030502455e-01 0.000000000000000000e+00 -6.338780879974365234e+00 9.361904072030502455e-01 3.514932737066059909e-01 0.000000000000000000e+00 6.914219379425048828e+00 0.000000000000000000e+00 0.000000000000000000e+00 1.000000000000000000e+00 0.000000000000000000e+00
9.229649408796239962e-01 3.848840317642083786e-01 0.000000000000000000e+00 -6.285291194915771484e+00 -3.848840317642083786e-01 9.229649408796239962e-01 0.000000000000000000e+00 6.791668415069580078e+00 0.000000000000000000e+00 0.000000000000000000e+00 1.000000000000000000e+00 0.000000000000000000e+00
9.607969363526976114e-02 -9.953736446535806914e-01 0.000000000000000000e+00 -6.732021331787109375e+00 9.953736446535806914e-01 9.607969363526976114e-02 0.000000000000000000e+00 6.941127777099609375e+00 0.000000000000000000e+00 0.000000000000000000e+00 1.000000000000000000e+00 0.000000000000000000e+00
-1.288956736173499928e-01 -9.916581595099843716e-01 0.000000000000000000e+00 -7.120532512664794922e+00 9.916581595099843716e-01 -1.288956736173499928e-01 0.000000000000000000e+00 7.134516716003417969e+00 0.000000000000000000e+00 0.000000000000000000e+00 1.000000000000000000e+00 0.000000000000000000e+00
-3.375502036205449419e-01 -9.413075268134897255e-01 0.000000000000000000e+00 -7.685555934906005859e+00 9.413075268134897255e-01 -3.375502036205449419e-01 0.000000000000000000e+00 7.233944416046142578e+00 0.000000000000000000e+00 0.000000000000000000e+00 1.000000000000000000e+00 0.000000000000000000e+00
-6.071862000471354159e-01 -7.945595751561490561e-01 0.000000000000000000e+00 -8.195829391479492188e+00 7.945595751561490561e-01 -6.071862000471354159e-01 0.000000000000000000e+00 7.087430477142333984e+00 0.000000000000000000e+00 0.000000000000000000e+00 1.000000000000000000e+00 0.000000000000000000e+00
-7.905265456477672537e-01 -6.124277758448000153e-01 0.000000000000000000e+00 -8.550914764404296875e+00 6.124277758448000153e-01 -7.905265456477672537e-01 0.000000000000000000e+00 6.713480472564697266e+00 0.000000000000000000e+00 0.000000000000000000e+00 1.000000000000000000e+00 0.000000000000000000e+00
-8.867525387303551998e-01 -4.622444537852995472e-01 0.000000000000000000e+00 -9.080633163452148438e+00 4.622444537852995472e-01 -8.867525387303551998e-01 0.000000000000000000e+00 6.321671485900878906e+00 0.000000000000000000e+00 0.000000000000000000e+00 1.000000000000000000e+00 0.000000000000000000e+00
-9.799167849210116410e-01 -1.994068570287083064e-01 0.000000000000000000e+00 -9.390859603881835938e+00 1.994068570287083064e-01 -9.799167849210116410e-01 0.000000000000000000e+00 5.894217967987060547e+00 0.000000000000000000e+00 0.000000000000000000e+00 1.000000000000000000e+00 0.000000000000000000e+00
-9.812768877594596484e-01 1.926023612241262728e-01 0.000000000000000000e+00 -9.304982185363769531e+00 -1.926023612241262728e-01 -9.812768877594596484e-01 0.000000000000000000e+00 5.581145286560058594e+00 0.000000000000000000e+00 0.000000000000000000e+00 1.000000000000000000e+00 0.000000000000000000e+00
-8.059762156103086328e-01 5.919479198970846179e-01 0.000000000000000000e+00 -9.120003700256347656e+00 -5.919479198970846179e-01 -8.059762156103086328e-01 0.000000000000000000e+00 5.167963981628417969e+00 0.000000000000000000e+00 0.000000000000000000e+00 1.000000000000000000e+00 0.000000000000000000e+00
4.357694033002906253e-01 -9.000583465238842784e-01 0.000000000000000000e+00 -8.936374664306640625e+00 9.000583465238842784e-01 4.357694033002906253e-01 0.000000000000000000e+00 4.796257972717285156e+00 0.000000000000000000e+00 0.000000000000000000e+00 1.000000000000000000e+00 0.000000000000000000e+00
5.431649182093738898e-02 -9.985237697302282722e-01 0.000000000000000000e+00 -8.313195228576660156e+00 9.985237697302282722e-01 5.431649182093738898e-02 0.000000000000000000e+00 4.593550205230712891e+00 0.000000000000000000e+00 0.000000000000000000e+00 1.000000000000000000e+00 0.000000000000000000e+00
-4.466656622277638267e-01 -8.947009479075302973e-01 0.000000000000000000e+00 -7.882090091705322266e+00 8.947009479075302973e-01 -4.466656622277638267e-01 0.000000000000000000e+00 4.692997932434082031e+00 0.000000000000000000e+00 0.000000000000000000e+00 1.000000000000000000e+00 0.000000000000000000e+00
-8.040680839428848703e-01 -5.945372287623523766e-01 0.000000000000000000e+00 -7.401405334472656250e+00 5.945372287623523766e-01 -8.040680839428848703e-01 0.000000000000000000e+00 4.779247283935546875e+00 0.000000000000000000e+00 0.000000000000000000e+00 1.000000000000000000e+00 0.000000000000000000e+00
-9.873328626885815584e-01 -1.586625924884957628e-01 0.000000000000000000e+00 -7.219748020172119141e+00 1.586625924884957628e-01 -9.873328626885815584e-01 0.000000000000000000e+00 5.103772640228271484e+00 0.000000000000000000e+00 0.000000000000000000e+00 1.000000000000000000e+00 0.000000000000000000e+00
-9.109442937348266600e-01 4.125293852708650788e-01 0.000000000000000000e+00 -7.174301624298095703e+00 -4.125293852708650788e-01 -9.109442937348266600e-01 0.000000000000000000e+00 5.616475582122802734e+00 0.000000000000000000e+00 0.000000000000000000e+00 1.000000000000000000e+00 0.000000000000000000e+00
-6.186219745343207732e-01 7.856887759305577479e-01 0.000000000000000000e+00 -7.257349014282226562e+00 -7.856887759305577479e-01 -6.186219745343207732e-01 0.000000000000000000e+00 5.982090473175048828e+00 0.000000000000000000e+00 0.000000000000000000e+00 1.000000000000000000e+00 0.000000000000000000e+00
8.808051323751588113e-02 9.961133586032343556e-01 0.000000000000000000e+00 -7.608050346374511719e+00 -9.961133586032343556e-01 8.808051323751588113e-02 0.000000000000000000e+00 6.184868335723876953e+00 0.000000000000000000e+00 0.000000000000000000e+00 1.000000000000000000e+00 0.000000000000000000e+00
5.570869307041993457e-01 8.304541839491054178e-01 0.000000000000000000e+00 -7.990265369415283203e+00 -8.304541839491054178e-01 5.570869307041993457e-01 0.000000000000000000e+00 6.202470302581787109e+00 0.000000000000000000e+00 0.000000000000000000e+00 1.000000000000000000e+00 0.000000000000000000e+00
8.267518015251568153e-01 5.625668481833139278e-01 0.000000000000000000e+00 -8.205475807189941406e+00 -5.625668481833139278e-01 8.267518015251568153e-01 0.000000000000000000e+00 5.921643257141113281e+00 0.000000000000000000e+00 0.000000000000000000e+00 1.000000000000000000e+00 0.000000000000000000e+00
9.926855573243450470e-01 1.207285561897207954e-01 0.000000000000000000e+00 -8.163232803344726562e+00 -1.207285561897207954e-01 9.926855573243450470e-01 0.000000000000000000e+00 5.936478614807128906e+00 0.000000000000000000e+00 0.000000000000000000e+00 1.000000000000000000e+00 0.000000000000000000e+00
9.926671222510555781e-01 1.208800413708064764e-01 0.000000000000000000e+00 -8.211706161499023438e+00 -1.208800413708064764e-01 9.926671222510555781e-01 0.000000000000000000e+00 5.428186416625976562e+00 0.000000000000000000e+00 0.000000000000000000e+00 1.000000000000000000e+00 0.000000000000000000e+00
9.989133023041968373e-01 -4.660702178560830605e-02 0.000000000000000000e+00 -8.293187141418457031e+00 4.660702178560830605e-02 9.989133023041968373e-01 0.000000000000000000e+00 4.912511348724365234e+00 0.000000000000000000e+00 0.000000000000000000e+00 1.000000000000000000e+00 0.000000000000000000e+00
9.770810405169133572e-01 -2.128676590334613872e-01 0.000000000000000000e+00 -8.206024169921875000e+00 2.128676590334613872e-01 9.770810405169133572e-01 0.000000000000000000e+00 4.404468536376953125e+00 0.000000000000000000e+00 0.000000000000000000e+00 1.000000000000000000e+00 0.000000000000000000e+00
9.597768365328374074e-01 -2.807640006393608001e-01 0.000000000000000000e+00 -8.101850509643554688e+00 2.807640006393608001e-01 9.597768365328374074e-01 0.000000000000000000e+00 4.000572204589843750e+00 0.000000000000000000e+00 0.000000000000000000e+00 1.000000000000000000e+00 0.000000000000000000e+00
9.330091327915667199e-01 -3.598526894821388322e-01 0.000000000000000000e+00 -7.918737411499023438e+00 3.598526894821388322e-01 9.330091327915667199e-01 0.000000000000000000e+00 3.436396121978759766e+00 0.000000000000000000e+00 0.000000000000000000e+00 1.000000000000000000e+00 0.000000000000000000e+00
9.718742925793341092e-01 -2.355002323213691295e-01 0.000000000000000000e+00 -7.676270961761474609e+00 2.355002323213691295e-01 9.718742925793341092e-01 0.000000000000000000e+00 2.850001811981201172e+00 0.000000000000000000e+00 0.000000000000000000e+00 1.000000000000000000e+00 0.000000000000000000e+00
9.779071945661753640e-01 -2.090395149623927584e-01 0.000000000000000000e+00 -7.423528671264648438e+00 2.090395149623927584e-01 9.779071945661753640e-01 0.000000000000000000e+00 2.179587125778198242e+00 0.000000000000000000e+00 0.000000000000000000e+00 1.000000000000000000e+00 0.000000000000000000e+00
9.804956242420790336e-01 -1.965409139139628614e-01 0.000000000000000000e+00 -7.296732425689697266e+00 1.965409139139628614e-01 9.804956242420790336e-01 0.000000000000000000e+00 1.753058195114135742e+00 0.000000000000000000e+00 0.000000000000000000e+00 1.000000000000000000e+00 0.000000000000000000e+00
9.586942487586990191e-01 -2.844386355560611923e-01 0.000000000000000000e+00 -7.161365509033203125e+00 2.844386355560611923e-01 9.586942487586990191e-01 0.000000000000000000e+00 1.195856451988220215e+00 0.000000000000000000e+00 0.000000000000000000e+00 1.000000000000000000e+00 0.000000000000000000e+00
9.855763124186537327e-01 -1.692315939747900955e-01 0.000000000000000000e+00 -7.000513553619384766e+00 1.692315939747900955e-01 9.855763124186537327e-01 0.000000000000000000e+00 5.801661014556884766e-01 0.000000000000000000e+00 0.000000000000000000e+00 1.000000000000000000e+00 0.000000000000000000e+00
9.999984097279737139e-01 -1.783407279214501654e-03 0.000000000000000000e+00 -6.862639904022216797e+00 1.783407279214501654e-03 9.999984097279737139e-01 0.000000000000000000e+00 1.465572118759155273e-01 0.000000000000000000e+00 0.000000000000000000e+00 1.000000000000000000e+00 0.000000000000000000e+00
9.972029622667667459e-01 7.474123390997408634e-02 0.000000000000000000e+00 -6.918744087219238281e+00 -7.474123390997408634e-02 9.972029622667667459e-01 0.000000000000000000e+00 -4.097260832786560059e-01 0.000000000000000000e+00 0.000000000000000000e+00 1.000000000000000000e+00 0.000000000000000000e+00
9.989271858713276719e-01 4.630850167291093028e-02 0.000000000000000000e+00 -6.921987056732177734e+00 -4.630850167291093028e-02 9.989271858713276719e-01 0.000000000000000000e+00 -8.411765694618225098e-01 0.000000000000000000e+00 0.000000000000000000e+00 1.000000000000000000e+00 0.000000000000000000e+00
9.952948294180229416e-01 9.689273726006782106e-02 0.000000000000000000e+00 -6.980109214782714844e+00 -9.689273726006782106e-02 9.952948294180229416e-01 0.000000000000000000e+00 -1.477399230003356934e+00 0.000000000000000000e+00 0.000000000000000000e+00 1.000000000000000000e+00 0.000000000000000000e+00
9.997590799887168256e-01 -2.194953257166551083e-02 0.000000000000000000e+00 -7.244750022888183594e+00 2.194953257166551083e-02 9.997590799887168256e-01 0.000000000000000000e+00 -1.979623794555664062e+00 0.000000000000000000e+00 0.000000000000000000e+00 1.000000000000000000e+00 0.000000000000000000e+00
9.973132227675575168e-01 7.325527757771563286e-02 0.000000000000000000e+00 -7.219238281250000000e+00 -7.325527757771563286e-02 9.973132227675575168e-01 0.000000000000000000e+00 -2.516896486282348633e+00 0.000000000000000000e+00 0.000000000000000000e+00 1.000000000000000000e+00 0.000000000000000000e+00
9.579753191833442205e-01 2.868506368052365918e-01 0.000000000000000000e+00 -7.225059986114501953e+00 -2.868506368052365918e-01 9.579753191833442205e-01 0.000000000000000000e+00 -3.068358898162841797e+00 0.000000000000000000e+00 0.000000000000000000e+00 1.000000000000000000e+00 0.000000000000000000e+00
9.858941408932092587e-01 1.673700778288668145e-01 0.000000000000000000e+00 -7.407092571258544922e+00 -1.673700778288668145e-01 9.858941408932092587e-01 0.000000000000000000e+00 -3.743542909622192383e+00 0.000000000000000000e+00 0.000000000000000000e+00 1.000000000000000000e+00 0.000000000000000000e+00
9.918770416231589282e-01 1.272003706790597599e-01 0.000000000000000000e+00 -7.280603885650634766e+00 -1.272003706790597599e-01 9.918770416231589282e-01 0.000000000000000000e+00 -4.199538707733154297e+00 0.000000000000000000e+00 0.000000000000000000e+00 1.000000000000000000e+00 0.000000000000000000e+00
9.998834054006239258e-01 -1.527008855414583102e-02 0.000000000000000000e+00 -7.334347724914550781e+00 1.527008855414583102e-02 9.998834054006239258e-01 0.000000000000000000e+00 -4.191991329193115234e+00 0.000000000000000000e+00 0.000000000000000000e+00 1.000000000000000000e+00 0.000000000000000000e+00
9.946652446118158242e-01 -1.031554708259164593e-01 0.000000000000000000e+00 -7.220424175262451172e+00 1.031554708259164593e-01 9.946652446118158242e-01 0.000000000000000000e+00 -4.668889045715332031e+00 0.000000000000000000e+00 0.000000000000000000e+00 1.000000000000000000e+00 0.000000000000000000e+00
9.647477308368660465e-01 -2.631763968237232909e-01 0.000000000000000000e+00 -6.935191631317138672e+00 2.631763968237232909e-01 9.647477308368660465e-01 0.000000000000000000e+00 -4.991544723510742188e+00 0.000000000000000000e+00 0.000000000000000000e+00 1.000000000000000000e+00 0.000000000000000000e+00
8.862605379938550687e-01 -4.631870667396085217e-01 0.000000000000000000e+00 -6.624921798706054688e+00 4.631870667396085217e-01 8.862605379938550687e-01 0.000000000000000000e+00 -5.345010757446289062e+00 0.000000000000000000e+00 0.000000000000000000e+00 1.000000000000000000e+00 0.000000000000000000e+00
7.494782792491092582e-01 -6.620289336077345155e-01 0.000000000000000000e+00 -6.347904682159423828e+00 6.620289336077345155e-01 7.494782792491092582e-01 0.000000000000000000e+00 -5.761857032775878906e+00 0.000000000000000000e+00 0.000000000000000000e+00 1.000000000000000000e+00 0.000000000000000000e+00
6.152989610726879999e-01 -7.882938465463692479e-01 0.000000000000000000e+00 -5.983221530914306641e+00 7.882938465463692479e-01 6.152989610726879999e-01 0.000000000000000000e+00 -5.852169036865234375e+00 0.000000000000000000e+00 0.000000000000000000e+00 1.000000000000000000e+00 0.000000000000000000e+00
4.834648489754648226e-01 -8.753637756984984364e-01 0.000000000000000000e+00 -5.623803138732910156e+00 8.753637756984984364e-01 4.834648489754648226e-01 0.000000000000000000e+00 -5.987699985504150391e+00 0.000000000000000000e+00 0.000000000000000000e+00 1.000000000000000000e+00 0.000000000000000000e+00
2.662574208598964542e-01 -9.639019586228860792e-01 0.000000000000000000e+00 -5.320003986358642578e+00 9.639019586228860792e-01 2.662574208598964542e-01 0.000000000000000000e+00 -6.131140708923339844e+00 0.000000000000000000e+00 0.000000000000000000e+00 1.000000000000000000e+00 0.000000000000000000e+00
2.328955742391816339e-02 -9.997287614723295857e-01 0.000000000000000000e+00 -4.827279090881347656e+00 9.997287614723295857e-01 2.328955742391816339e-02 0.000000000000000000e+00 -6.128012657165527344e+00 0.000000000000000000e+00 0.000000000000000000e+00 1.000000000000000000e+00 0.000000000000000000e+00
-1.192522083163879143e-01 -9.928639941158430293e-01 0.000000000000000000e+00 -4.453661918640136719e+00 9.928639941158430293e-01 -1.192522083163879143e-01 0.000000000000000000e+00 -6.154040813446044922e+00 0.000000000000000000e+00 0.000000000000000000e+00 1.000000000000000000e+00 0.000000000000000000e+00
2.539802322804611268e-01 9.672094093890748479e-01 0.000000000000000000e+00 -3.966665029525756836e+00 -9.672094093890748479e-01 2.539802322804611268e-01 0.000000000000000000e+00 -6.050415992736816406e+00 0.000000000000000000e+00 0.000000000000000000e+00 1.000000000000000000e+00 0.000000000000000000e+00
3.380713494642688666e-01 9.411204825480148362e-01 0.000000000000000000e+00 -3.595729112625122070e+00 -9.411204825480148362e-01 3.380713494642688666e-01 0.000000000000000000e+00 -5.874302864074707031e+00 0.000000000000000000e+00 0.000000000000000000e+00 1.000000000000000000e+00 0.000000000000000000e+00
4.268588271714358617e-01 9.043182745393494315e-01 0.000000000000000000e+00 -3.155608177185058594e+00 -9.043182745393494315e-01 4.268588271714358617e-01 0.000000000000000000e+00 -5.674772262573242188e+00 0.000000000000000000e+00 0.000000000000000000e+00 1.000000000000000000e+00 0.000000000000000000e+00
5.640743805070405070e-01 8.257239812767934728e-01 0.000000000000000000e+00 -2.629207611083984375e+00 -8.257239812767934728e-01 5.640743805070405070e-01 0.000000000000000000e+00 -5.358364105224609375e+00 0.000000000000000000e+00 0.000000000000000000e+00 1.000000000000000000e+00 0.000000000000000000e+00
7.627213602920926983e-01 6.467272427802772672e-01 0.000000000000000000e+00 -2.475049257278442383e+00 -6.467272427802772672e-01 7.627213602920926983e-01 0.000000000000000000e+00 -5.127121448516845703e+00 0.000000000000000000e+00 0.000000000000000000e+00 1.000000000000000000e+00 0.000000000000000000e+00
8.521165364185311342e-01 5.233520883325929463e-01 0.000000000000000000e+00 -2.280113697052001953e+00 -5.233520883325929463e-01 8.521165364185311342e-01 0.000000000000000000e+00 -4.791954994201660156e+00 0.000000000000000000e+00 0.000000000000000000e+00 1.000000000000000000e+00 0.000000000000000000e+00
9.380958977503497387e-01 3.463756438088066991e-01 0.000000000000000000e+00 -2.167481422424316406e+00 -3.463756438088066991e-01 9.380958977503497387e-01 0.000000000000000000e+00 -4.193452358245849609e+00 0.000000000000000000e+00 0.000000000000000000e+00 1.000000000000000000e+00 0.000000000000000000e+00
9.624444381035848206e-01 2.714787350115566156e-01 0.000000000000000000e+00 -1.935261249542236328e+00 -2.714787350115566156e-01 9.624444381035848206e-01 0.000000000000000000e+00 -3.615734338760375977e+00 0.000000000000000000e+00 0.000000000000000000e+00 1.000000000000000000e+00 0.000000000000000000e+00
9.862309661788716264e-01 1.653737625800697220e-01 0.000000000000000000e+00 -1.796894311904907227e+00 -1.653737625800697220e-01 9.862309661788716264e-01 0.000000000000000000e+00 -3.381208181381225586e+00 0.000000000000000000e+00 0.000000000000000000e+00 1.000000000000000000e+00 0.000000000000000000e+00
-9.989929655270174402e-01 -4.486707955210923748e-02 0.000000000000000000e+00 -1.886713743209838867e+00 4.486707955210923748e-02 -9.989929655270174402e-01 0.000000000000000000e+00 -2.812438011169433594e+00 0.000000000000000000e+00 0.000000000000000000e+00 1.000000000000000000e+00 0.000000000000000000e+00
